4 4 4 4 4 4 4 4 4 4 4 4 4 4 4 4 4 4 4 4 
4 4 4 4 4 4 4 4 4 4 4 4 4 4 4 4 4 4 4 4 
4 4 4 4 4 4 4 4 4 4 4 4 4 4 4 4 4 4 4 4 
4 4 4 4 4 4 4 4 4 4 4 4 4 4 4 4 4 4 4 4 
10 10 10 10 10 4 4 4 4 4 4 4 4 4 4 4 4 4 4 1 
3 3 3 3 3 1 4 4 4 4 4 4 4 4 4 4 4 4 4 1 
3 3 3 3 3 1 4 4 4 4 4 4 4 4 4 4 4 4 4 1 
3 3 3 3 3 1 4 4 4 4 4 4 4 4 4 4 4 4 4 1 
3 3 3 3 3 1 4 4 4 4 4 4 4 4 4 4 4 4 4 1 
3 3 3 3 3 1 4 4 4 4 4 4 4 4 4 4 4 4 4 1 
3 3 3 3 3 1 4 4 4 4 4 4 4 4 4 4 4 4 4 1 
3 3 3 3 3 1 4 4 4 4 4 4 4 4 4 4 4 4 4 1 
3 3 3 3 3 1 4 4 4 4 4 4 4 4 4 4 4 4 4 1 
3 3 3 3 3 1 4 4 4 4 4 4 4 4 4 4 4 4 4 4 
10 10 10 10 10 4 4 4 4 4 4 4 4 4 4 4 4 4 4 4 
4 4 4 4 4 4 4 4 4 4 4 4 4 4 4 4 4 4 4 4 
4 4 4 4 4 4 4 4 4 4 4 4 4 4 4 4 4 4 4 4 
4 4 4 4 4 4 4 4 4 4 4 4 4 4 4 4 4 4 4 4 
4 4 4 4 4 4 4 4 4 4 4 4 4 4 4 4 4 4 4 4 
4 4 4 4 4 4 4 4 4 4 4 4 4 4 4 4 4 4 4 4 
